0.00374963362337 0.998578172123
0.00279655799806 0.984715731187
0.0019183405363 0.950939769593
0.00111558662834 0.889319314713
0.000388898467145 0.789963007612
-0.000261125222182 0.641506435435
-0.000833889464915 0.432695319849
-0.00132880333146 0.155603814788
-0.00174528024455 -0.189527099825
-0.00208273829905 -0.589317409627
-0.00234060059468 -1.0154547802
-0.00251829558161 -1.42939467439
-0.00261525741939 -1.79311407444
-0.0026309263491 -2.0803357912
-0.00256474907901 -2.28184205778
-0.0024161791838 -2.40330053249
-0.0021846775175 -2.45900131193
-0.00186971264008 -2.4657261843
-0.00147076125796 -2.43885113335
-0.000987308678284 -2.39070789992
-0.000418849277037 -2.33039039826
0.000235113019002 -2.26422266747
0.000975064236553 -2.19640375098
0.00180147984643 -2.12960372728
0.00271482424056 -2.06543737909
0.00371555019556 -2.00481246501
0.00480409832303 -1.94817444846
0.00598089650682 -1.89567364264
0.00724635932744 -1.84727718876
0.00860088747396 -1.80284299256
0.0100448671437 -1.76216791837
0.01157866943 -1.72501877446
0.0132026496988 -1.69115189199
0.0149171469536 -1.66032519542
0.0167224831907 -1.63230536391
0.0186189627438 -1.60687180918
0.0206068716198 -1.58381861165
0.0226864768248 -1.56295516809
0.0248580256833 -1.54410604601
0.0271217451489 -1.52711036895
0.0294778411092 -1.51182094282
0.031926497684 -1.49810325878
0.0344678765193 -1.48583445791
0.0371021160772 -1.47490231026
0.039829330922 -1.46520423918
0.0426496110053 -1.45664640799
0.0455630209493 -1.4491428767
0.0485695993303 -1.44261483109
0.051669357964 -1.43698988256
0.0548622811924 -1.43220143561
0.0581483251755 -1.42818811814
0.0615274171869 -1.42489326965
0.0649994549163 -1.4222644823
0.0685643057798 -1.42025318953
0.072221806239 -1.4188142978
0.0759717611309 -1.41790585678
0.0798139430096 -1.41748876416
0.0837480915019 -1.4175265012
0.0877739126778 -1.41798489589
0.0918910784374 -1.41883191066
0.0960992259166 -1.42003745201
0.100397956912 -1.42157319972
0.10478683733 -1.42341245352
0.10926539665 -1.42552999535
0.113833127429 -1.42790196565
0.118489484813 -1.43050575199
0.123233886092 -1.43331988905
0.128065710277 -1.43632396846
0.132984297708 -1.43949855777
0.137988949699 -1.44282512743
0.143078928212 -1.44628598502
0.148253455575 -1.44986421612
0.153511714226 -1.45354363097
0.158852846508 -1.45730871651
0.164275954492 -1.46114459321
0.169780099855 -1.4650369763
0.175364303788 -1.46897214079
0.181027546957 -1.47293689023
0.186768769506 -1.47691852854
0.192586871108 -1.48090483487
0.198480711059 -1.48488404104
0.204449108425 -1.48884481142
0.210490842238 -1.49277622498
0.21660465174 -1.49666775931
0.222789236677 -1.50050927646
0.229043257644 -1.50429101037
0.235365336487 -1.50800355577
0.241754056748 -1.51163785849
0.248207964169 -1.51518520682
0.254725567241 -1.51863722414
0.261305337816 -1.52198586233
0.267945711757 -1.52522339624
0.274645089653 -1.52834241878
0.281401837571 -1.53133583682
0.288214287873 -1.53419686766
0.295080740069 -1.53691903604
0.301999461731 -1.5394961716
0.308968689445 -1.54192240686
0.315986629816 -1.54419217539
0.323051460517 -1.54630021042
0.33016133138 -1.5482415436
0.337314365532 -1.55001150405
0.344508660574 -1.55160571746
0.351742289793 -1.55302010541
0.359013303419 -1.55425088468
0.366319729913 -1.5552945667
0.373659577289 -1.5561479569
0.381030834471 -1.55680815417
0.388431472673 -1.55727255016
0.395859446814 -1.55753882858
0.403312696948 -1.55760496443
0.410789149726 -1.55746922307
0.418286719871 -1.55713015919
0.425803311669 -1.55658661565
0.433336820481 -1.55583772217
0.440885134261 -1.55488289385
0.448446135086 -1.55372182951
0.456017700689 -1.5523545099
0.463597706 -1.55078119568
0.471184024681 -1.54900242522
0.47877453067 -1.54701901229
0.486367099708 -1.54483204344
0.493959610866 -1.54244287533
0.501549948064 -1.53985313179
0.509136001566 -1.53706470079
0.516715669476 -1.53407973116
0.5242868592 -1.53090062926
0.531847488901 -1.52753005539
0.539395488922 -1.52397092021
0.546928803188 -1.52022638095
0.554445390584 -1.51629983751
0.561943226294 -1.51219492859
0.569420303118 -1.5079155276
0.576874632751 -1.50346573867
0.58430424703 -1.49884989256
0.591707199136 -1.49407254254
0.599081564767 -1.4891384604
0.606425443267 -1.48405263242
0.61373695871 -1.47882025539
0.621014260945 -1.47344673285
0.628255526596 -1.46793767131
0.635458960018 -1.46229887675
0.642622794204 -1.45653635124
0.649745291645 -1.45065628979
0.656824745148 -1.44466507749
0.663859478599 -1.43856928689
0.670847847685 -1.43237567576
0.677788240556 -1.42609118517
0.684679078452 -1.41972293804
0.691518816269 -1.41327823805
0.698305943084 -1.40676456914
0.705038982628 -1.40018959553
0.711716493708 -1.39356116226
0.718337070587 -1.38688729655
0.724899343315 -1.38017620967
0.731401978002 -1.37343629972
0.737843677067 -1.36667615525
0.744223179416 -1.35990455965
0.750539260594 -1.35313049674
0.756790732887 -1.34636315722
0.762976445378 -1.33961194645
0.769095283965 -1.33288649336
0.775146171338 -1.32619666086
0.781128066916 -1.31955255762
0.787039966746 -1.31296455151
0.792880903363 -1.30644328487
0.798649945618 -1.29999969157
0.804346198473 -1.29364501629
0.809968802751 -1.28739083602
0.815516934875 -1.2812490841
0.820989806557 -1.27523207698
0.826386664471 -1.26935254406
0.831706789896 -1.26362366078
0.836949498329 -1.25805908546
0.842114139079 -1.25267300011
0.847200094837 -1.24748015578
0.852206781223 -1.24249592285
0.857133646316 -1.23773634687
0.861980170162 -1.23321821048
0.866745864271 -1.22895910232
0.871430271089 -1.22497749345
0.876032963466 -1.22129282252
0.880553544108 -1.21792559049
0.884991645011 -1.21489746629
0.889346926894 -1.21223140469
0.89361907862 -1.20995177811
0.897807816606 -1.20808452408
0.901912884232 -1.20665731069
0.905934051241 -1.20569972226
0.909871113135 -1.2052434684
0.913723890571 -1.20532261969
0.917492228751 -1.20597387386
0.921175996814 -1.20723685734
0.924775087228 -1.20915446738
0.928289415178 -1.21177326138
0.931718917964 -1.21514390086
0.935063554395 -1.21932165926
0.938323304186 -1.22436700432
0.941498167367 -1.23034626784
0.94458816369 -1.23733241838
0.947593332039 -1.24540595559
0.950513729854 -1.25465594851
0.953349432558 -1.26518124542
0.95610053299 -1.2770918886
0.958767140847 -1.29051077477
0.961349382136 -1.30557561169
0.96384739863 -1.32244123293
0.966261347338 -1.34128234825
0.968591399983 -1.36229682584
0.970837742487 -1.38570962723
0.973000574472 -1.41177754751
0.975080108762 -1.44079495362
0.977076570907 -1.47310076678
0.978990198708 -1.5090870038
0.980821241759 -1.54920928189
0.982569960996 -1.59399981031
0.984236628259 -1.64408354739
0.985821525866 -1.70019840606
0.987324946199 -1.76322065956
0.988747191296 -1.83419704756
0.990088572462 -1.91438553029
0.991349409883 -2.00530719323
0.99253003226 -2.10881245384
0.993630776449 -2.22716538316
0.994651987112 -2.36315038377
0.995594016381 -2.52020503084
0.996457223532 -2.70258007388
0.997241974672 -2.91551889771
0.997948642435 -3.1654261373
0.998577605687 -3.45994061843
0.999129249244 -3.80770177767
0.999603963603 -4.21731825221
1.00000214468 -4.69445720309
1.00032419354 -5.23486829045
1.0005705162 -5.80966319339
1.00074152334 -6.3395127929
1.00083763012 -6.66536024771
1.00085925596 -6.55874391074
1.00080682433 -5.84517504104
1.00068076254 -4.59948861882
1.00048150159 -3.15548349361
1.00020947595 -1.8554997346
0.999865123431 -0.858680383958
0.999448884986 -0.163574274177
0.998961204583 0.295892179542
0.998402529044 0.590107222978
0.997773307913 0.773923567968
0.997073993321 0.885448765057
0.996305039862 0.949949022983
0.995466904475 0.983900334447
0.994560046331 0.998021168834
0.993584926731 0.999314071712
0.992542009005 0.992385417281
0.991431758415 0.980287382155
0.990254642076 0.965055038209
0.989011128865 0.948051142913
0.987701689348 0.93018958878
0.986326795711 0.912081790337
0.984886921687 0.894133659955
0.983382542497 0.876610552678
0.981814134792 0.859681207708
0.9801821766 0.843447759889
0.978487147275 0.827966410328
0.976729527452 0.813261767853
0.974909799004 0.799336860143
0.973028445008 0.786180155525
0.971085949703 0.773770504307
0.969082798465 0.762080621675
0.967019477775 0.751079541658
0.964896475195 0.740734341222
0.962714279343 0.731011344366
0.960473379874 0.721876954451
0.958174267461 0.713298220224
0.955817433784 0.705243210876
0.953403371509 0.697681254317
0.950932574284 0.690583077712
0.948405536723 0.683920878567
0.945822754407 0.677668346878
0.943184723867 0.671800653229
0.940491942591 0.666294413696
0.937744909013 0.661127639392
0.934944122516 0.656279676374
0.932090083428 0.651731139988
0.929183293028 0.647463846614
0.926224253542 0.643460744868
0.92321346815 0.639705847732
0.920151440989 0.636184166582
0.917038677156 0.632881647769
0.913875682715 0.629785112158
0.9106629647 0.626882197846
0.907401031127 0.624161306145
0.904090390992 0.621611550843
0.900731554286 0.619222710685
0.897325032 0.616985184957
0.893871336131 0.614889952049
0.89037097969 0.612928530855
0.886824476714 0.61109294484
0.883232342269 0.609375688618
0.879595092461 0.607769696888
0.875913244445 0.606268315559
0.872187316429 0.604865274923
0.868417827686 0.603554664732
0.86460529856 0.602330911036
0.860750250475 0.601188754659
0.85685320594 0.600123231198
0.852914688557 0.599129652424
0.848935223029 0.598203588978
0.844915335164 0.597340854285
0.840855551886 0.596537489571
0.836756401233 0.595789749919
0.83261841237 0.595094091276
0.828442115587 0.594447158346
0.82422804231 0.593845773301
0.8199767251 0.59328692525
0.815688697658 0.592767760416
0.811364494828 0.59228557295
0.807004652599 0.591837796368
0.802609708107 0.591421995533
0.798180199638 0.591035859166
0.793716666624 0.590677192832
0.789219649649 0.590343912385
0.784689690445 0.590034037819
0.780127331889 0.589745687514
0.775533118007 0.589477072842
0.77090759397 0.589226493105
0.766251306086 0.588992330792
0.761564801803 0.588773047124
0.756848629704 0.588567177868
0.7521033395 0.588373329416
0.747329482024 0.588190175089
0.742527609231 0.58801645167
0.737698274185 0.587850956142
0.732842031057 0.587692542618
0.727959435115 0.587540119458
0.723051042716 0.587392646551
0.7181174113 0.587249132758
0.713159099377 0.587108633504
0.708176666519 0.586970248512
0.703170673353 0.58683311967
0.698141681546 0.586696429015
0.693090253793 0.586559396841
0.688016953812 0.586421279915
0.682922346324 0.586281369795
0.677806997046 0.586138991244
0.672671472674 0.585993500742
0.667516340874 0.585844285077
0.662342170262 0.585690760024
0.657149530396 0.585532369101
0.651938991758 0.585368582397
0.646711125738 0.585198895465
0.64146650462 0.585022828297
0.636205701569 0.58483992434
0.630929290608 0.584649749591
0.625637846609 0.584451891739
0.620331945271 0.584245959362
0.615012163106 0.584031581181
0.609679077422 0.583808405354
0.604333266301 0.583576098831
0.59897530859 0.583334346743
0.593605783873 0.583082851836
0.588225272463 0.582821333958
0.582834355375 0.582549529573
0.577433614315 0.582267191319
0.572023631658 0.58197408761
0.566604990427 0.581670002264
0.561178274283 0.581354734177
0.555744067496 0.581028097026
0.550302954937 0.580689919006
0.54485552205 0.580340042603
0.539402354839 0.5799783244
0.533944039848 0.579604634909
0.528481164146 0.579218858445
0.5230143153 0.578820893023
0.517544081367 0.578410650289
0.512071050871 0.577988055482
0.506595812783 0.577553047428
0.501118956508 0.577105578562
0.495641071865 0.576645614984
0.49016274907 0.576173136544
0.48468457872 0.57568813696
0.479207151773 0.575190623965
0.473731059538 0.574680619491
0.46825689365 0.574158159881
0.462785246063 0.573623296138
0.457316709027 0.573076094202
0.45185187508 0.572516635271
0.446391337027 0.571945016149
0.440935687929 0.571361349637
0.435485521089 0.570765764959
0.430041430037 0.570158408225
0.424604008521 0.569539442942
0.419173850488 0.568909050557
0.413751550078 0.56826743105
0.408337701611 0.567614803574
0.402932899573 0.566951407136
0.397537738612 0.56627750133
0.392152813521 0.565593367125
0.386778719235 0.5648993077
0.381416050819 0.564195649344
0.376065403462 0.563482742405
0.370727372467 0.562760962311
0.365402553249 0.56203071065
0.360091541326 0.561292416324
0.354794932313 0.560546536768
0.34951332192 0.559793559252
0.344247305948 0.559034002263
0.338997480284 0.558268416969
0.333764440901 0.55749738878
0.328548783854 0.556721538991
0.323351105282 0.555941526544
0.318172001406 0.555158049885
0.31301206853 0.554371848936
0.307871903044 0.553583707192
0.302752101423 0.552794453946
0.297653260235 0.552004966646
0.292575976138 0.5512161734
0.287520845894 0.550429055638
0.282488466364 0.549644650936
0.277479434522 0.548864056014
0.27249434746 0.548088429926
0.267533802392 0.547318997445
0.262598396668 0.546557052667
0.257688727779 0.545803962842
0.252805393371 0.545061172443
0.247948991253 0.544330207507
0.243120119406 0.54361268025
0.238319376003 0.542910293981
0.233547359413 0.542224848344
0.228804668221 0.5415582449
0.22409190124 0.540912493084
0.219409657525 0.540289716557
0.214758536389 0.539692159991
0.21013913742 0.53912219631
0.205552060496 0.538582334433
0.200997905804 0.53807522755
0.196477273854 0.537603681969
0.191990765504 0.537170666594
0.18753898197 0.536779323065
0.18312252485 0.536432976629
0.178741996142 0.536135147787
0.174397998262 0.535889564789
0.170091134068 0.53570017705
0.165822006873 0.535571169541
0.161591220469 0.535506978261
0.157399379148 0.535512306869
0.153247087718 0.535592144569
0.149134951525 0.53575178535
0.145063576474 0.535996848719
0.141033569044 0.536333302012
0.137045536312 0.536767484459
0.133100085967 0.537306133118
0.129197826332 0.537956410851
0.12533936638 0.538725936516
0.121525315748 0.539622817547
0.117756284759 0.540655685131
0.11403288443 0.541833732195
0.110355726492 0.54316675442
0.1067254234 0.544665194531
0.103142588345 0.546340190109
0.099607835267 0.548203625195
0.0961217788583 0.55026818594
0.0926850345761 0.552547420583
0.0892982186454 0.55505580401
0.0859619480632 0.557808807145
0.0826768405997 0.560822971384
0.0794435147978 0.56411598822
0.07626258997 0.567706784153
0.0731346861926 0.571615610819
0.0700604242973 0.575864140126
0.0670404258603 0.580475563922
0.0640753131876 0.585474697376
0.0611657092976 0.590888084771
0.0583122378999 0.596744105737
0.0555155233708 0.603073079065
0.052776190725 0.609907359971
0.0500948655822 0.617281425013
0.0474721741312 0.625231936509
0.0449087430881 0.633797775192
0.0424051996499 0.64302002547
0.0399621714444 0.652941891766
0.037580286473 0.663608516285
0.03526017305 0.675066657389
0.0330024597346 0.68736417234
0.0308077752583 0.700549226847
0.0286767484454 0.714669124209
0.0266100081272 0.729768605571
0.0246081830495 0.745887415036
0.0226719017738 0.763056842366
0.0208017925701 0.781294841932
0.0189984833035 0.800599165746
0.017262601312 0.820937721177
0.0155947732772 0.84223504313
0.0139956250859 0.86435331856
0.0124657816836 0.887065768628
0.0110058669193 0.910019318772
0.00961650338068 0.932682301986
0.00829831222044 0.954271395343
0.00705191297242 0.973650112525
0.00587792335823 0.989189217041
0.00477695908345 0.998578172123
