/*--------------------------------*- C++ -*----------------------------------*\
| =========                 |                                                 |
| \\      /  F ield         | OpenFOAM: The Open Source CFD Toolbox           |
|  \\    /   O peration     | Version:  2512                                  |
|   \\  /    A nd           | Website:  www.openfoam.com                      |
|    \\/     M anipulation  |                                                 |
\*---------------------------------------------------------------------------*/
FoamFile
{
    version     2.0;
    format      binary;
    arch        "LSB;label=32;scalar=64";
    class       cellSet;
    location    "constant/polyMesh/sets";
    object      twoInternalFacesCells;
}
// * * * * * * * * * * * * * * * * * * * * * * * * * * * * * * * * * * * * * //


441
(
12299
12302
6161
12306
6165
24616
24621
4193
8295
26821
26824
26827
26829
26833
26835
8446
8447
8455
265
8471
18712
12570
6445
10549
12604
24901
18760
24906
4427
24908
4432
24918
343
349
14709
24953
14717
24976
20880
10645
20889
18841
18842
24987
20895
18849
419
16808
18868
18869
437
10679
25025
10689
25029
14789
25032
14792
12744
12745
20943
14799
25040
14800
25042
8660
8666
14817
20964
25064
16879
20977
16882
8690
16888
8701
25108
14874
14876
14879
25120
14886
14888
23094
25147
14908
25155
23109
23116
23125
599
29273
2649
25199
25202
23173
23177
14986
23182
25233
25251
25254
29357
2734
15030
15031
29368
15036
15040
29380
15044
17125
13036
13040
17142
17151
15103
17156
17166
13071
19231
15135
19233
801
15138
4900
4906
13105
13113
15175
2889
19276
15180
13133
9037
2894
17231
17250
13181
13183
15239
11143
11144
19338
916
11158
25520
19377
25525
25534
3009
19398
3014
25543
19401
15306
19407
985
3037
13282
3043
19428
13286
25583
25584
13300
5113
13312
13318
5129
13324
5135
13328
5138
1043
11288
11289
13341
1061
11305
5163
25646
25652
11318
25655
1084
11325
11338
5201
25698
5222
25704
25728
15489
15490
25746
25749
25760
25762
15526
25769
25771
15531
5291
25775
13489
5303
5307
13504
9417
15564
9430
15581
9439
15585
19682
19689
25836
25837
23794
23798
23802
15615
11520
23812
1286
11528
3342
3343
19733
19736
3354
3355
19740
3359
3367
19752
3370
25900
19756
19759
15665
15666
25907
5428
15670
19772
23874
23876
23880
3404
5454
23887
19796
19797
11606
19800
11608
19801
21850
19804
11614
11627
3437
19825
19826
7543
3449
19837
3461
3463
9613
21903
21905
3473
21911
3481
19870
11681
1441
11683
19876
19882
15786
7596
9655
11707
9659
11708
9661
19904
21958
21959
3527
21960
13771
21964
19917
11725
21970
21971
13779
21986
11749
21990
3559
3560
9707
5612
3569
3570
22004
15860
3573
19958
19959
13815
3576
3578
13819
5627
15869
15871
15874
15878
13830
7686
13831
15884
5644
9742
11793
15890
7698
5660
15906
15910
22057
3625
3630
5709
11856
5714
11859
11861
15958
15959
15963
15964
3678
15970
26211
15971
5731
9831
5735
26218
3690
5739
26221
13933
15985
26228
26229
15993
13956
13958
13966
1681
13970
5792
11947
11948
11953
26290
1756
16095
1759
16100
5860
16103
7912
16111
3827
7927
7930
20233
20236
28429
20242
24343
20254
7966
28451
3877
16167
28456
16169
28458
28460
28462
24366
3888
28468
28477
28478
8004
28489
28501
28502
16215
28506
16218
28510
16224
28514
28515
1903
3955
8052
3962
3963
3966
28543
3970
3971
3976
16271
16272
8091
16286
16288
20397
8111
16304
18383
8153
24541
24545
8162
24555
)


// ************************************************************************* //
